0 0.285625 0.675778 0.077141 0.185861
0 0.379973 0.678486 0.073180 0.187667
0 0.473863 0.678486 0.078258 0.194889
0 0.567754 0.673979 0.075211 0.178653
0 0.660125 0.676681 0.075219 0.194889
0 0.739297 0.679389 0.046797 0.200306
0 0.501270 0.326604 0.057961 0.126319
0 0.726102 0.324806 0.052891 0.101056
1 0.272887 0.146153 0.057961 0.097444
1 0.501777 0.210215 0.050852 0.102847
1 0.733715 0.145250 0.072164 0.102861
1 0.789035 0.835479 0.063039 0.147958
1 0.208992 0.829167 0.061922 0.149778
2 0.501320 0.842701 0.518687 0.122708
