1 0.415512 0.301367 0.091350 0.115667
1 0.499756 0.166022 0.054813 0.130089
1 0.761637 0.077600 0.073075 0.148133
1 0.584519 0.046922 0.070037 0.090422
1 0.522594 0.048767 0.061912 0.097533
1 0.471844 0.046067 0.053788 0.092133
1 0.414494 0.044222 0.060912 0.081378
1 0.237369 0.064967 0.076137 0.126511
1 0.197788 0.883400 0.084250 0.171422
0 0.501788 0.295133 0.060900 0.138933
1 0.806294 0.881600 0.095413 0.200311
1 0.593644 0.785056 0.059888 0.137133
0 0.499250 0.465667 0.088300 0.198489
0 0.692106 0.788667 0.057863 0.140756
0 0.500269 0.922211 0.088313 0.151578
1 0.409925 0.619944 0.092375 0.113667
1 0.500269 0.783256 0.059888 0.133533
