0 0.489089 0.633368 0.108644 0.115492
1 0.197172 0.073070 0.081224 0.138938
1 0.836348 0.892319 0.108644 0.182254
1 0.599257 0.798484 0.064985 0.138938
1 0.491633 0.789456 0.054840 0.131710
1 0.384009 0.796671 0.064985 0.138938
0 0.276378 0.794870 0.073105 0.153368
0 0.282974 0.634262 0.106618 0.120907
0 0.597230 0.642396 0.077172 0.162409
0 0.701312 0.643290 0.082245 0.175026
0 0.704854 0.798484 0.071079 0.131736
0 0.490612 0.927655 0.099504 0.144689
0 0.153010 0.890505 0.090364 0.160596
1 0.366232 0.052319 0.080219 0.097435
1 0.436290 0.055026 0.068032 0.110052
1 0.499249 0.051425 0.068032 0.102850
1 0.559657 0.052319 0.067012 0.090233
1 0.623120 0.049611 0.070058 0.084819
1 0.779490 0.082098 0.076152 0.156995
