0 0.066250 0.304201 0.084367 0.207515
0 0.331567 0.589305 0.194167 0.424053
0 0.687300 0.333876 0.184100 0.447692
0 0.502292 0.297781 0.062117 0.137337
0 0.418433 0.169660 0.052967 0.119260
1 0.247142 0.081243 0.078383 0.155385
1 0.442825 0.049689 0.065150 0.099379
1 0.501275 0.046982 0.060083 0.093964
1 0.563800 0.046050 0.061100 0.088609
1 0.806800 0.879822 0.097600 0.185858
1 0.207500 0.891464 0.084467 0.184231
0 0.429658 0.927648 0.079283 0.144349
0 0.498733 0.925843 0.065167 0.148314
0 0.565825 0.925754 0.079383 0.148136
2 0.518083 0.434172 0.235833 0.210947
