0 0.446004 0.804806 0.062930 0.151583
0 0.524668 0.808410 0.063945 0.151569
0 0.599781 0.807507 0.063953 0.153375
0 0.674387 0.802097 0.064961 0.153389
0 0.735797 0.807514 0.025375 0.146167
0 0.498227 0.298639 0.064047 0.142556
0 0.062773 0.304049 0.086375 0.232792
1 0.235840 0.074882 0.087398 0.149764
1 0.417020 0.166910 0.051867 0.110069
1 0.497715 0.166910 0.052883 0.113681
1 0.757059 0.067667 0.076227 0.135333
2 0.503859 0.945708 0.491281 0.108583
1 0.200312 0.889611 0.085359 0.194889
1 0.810352 0.877882 0.101609 0.207514
0 0.292730 0.812021 0.064961 0.158792
0 0.370887 0.810215 0.066992 0.158792
