1 0.559155 0.048718 0.057872 0.097435
1 0.240838 0.068562 0.077157 0.137124
1 0.388061 0.052319 0.075131 0.104637
1 0.453047 0.056826 0.060933 0.110078
1 0.501276 0.055026 0.053805 0.110052
1 0.615000 0.045104 0.066006 0.090207
1 0.759687 0.078472 0.073105 0.146166
1 0.811472 0.876982 0.099504 0.191269
1 0.200729 0.878782 0.096472 0.198497
1 0.360138 0.927655 0.084271 0.144689
1 0.426137 0.925855 0.076152 0.148290
1 0.493666 0.912163 0.067012 0.149767
1 0.559155 0.922992 0.063965 0.146140
1 0.634803 0.918472 0.085292 0.155181
