1 0.389767 0.044253 0.069755 0.081382
1 0.237847 0.061421 0.074802 0.122843
2 0.500855 0.946601 0.338165 0.099247
0 0.500805 0.811174 0.069755 0.164393
0 0.061700 0.308618 0.091961 0.252809
1 0.197976 0.885247 0.087920 0.182247
1 0.811257 0.883444 0.094884 0.200303
1 0.695123 0.784101 0.052596 0.149955
1 0.503331 0.586601 0.090949 0.043315
1 0.500302 0.292371 0.094984 0.108449
1 0.758212 0.074927 0.075808 0.146348
1 0.622442 0.041573 0.064708 0.083146
1 0.561876 0.043348 0.062684 0.083191
1 0.506358 0.046084 0.060673 0.092169
1 0.448821 0.045180 0.058649 0.090360
