0 0.738367 0.673070 0.048746 0.194896
1 0.730241 0.147953 0.075146 0.093834
1 0.789103 0.842681 0.062901 0.162409
1 0.211385 0.838174 0.058892 0.138938
2 0.500773 0.845402 0.509708 0.138938
0 0.288054 0.676684 0.074125 0.187668
0 0.378418 0.671256 0.080219 0.194896
0 0.472340 0.673057 0.075146 0.187668
0 0.564745 0.675777 0.079198 0.189482
0 0.659672 0.673964 0.080219 0.189482
1 0.501786 0.209313 0.054825 0.111891
0 0.722114 0.322992 0.052799 0.101062
0 0.499220 0.332021 0.061997 0.137150
1 0.271297 0.135324 0.073120 0.083031
