1 0.572455 0.040553 0.050950 0.079751
1 0.524323 0.045631 0.050166 0.086526
1 0.476974 0.044782 0.049384 0.084829
1 0.428843 0.039704 0.050169 0.078053
1 0.378362 0.040214 0.052513 0.080428
1 0.264096 0.055452 0.066602 0.110903
2 0.501274 0.927060 0.468798 0.145615
1 0.741505 0.061717 0.066602 0.122079
0 0.356841 0.715401 0.078341 0.240444
0 0.547412 0.718789 0.082253 0.240444
0 0.643675 0.715405 0.075997 0.237056
0 0.246528 0.655292 0.036001 0.143933
1 0.215223 0.917812 0.087653 0.164377
1 0.783024 0.910129 0.082174 0.169322
0 0.452322 0.716250 0.075212 0.235366
1 0.620979 0.036320 0.054082 0.071285
