0 0.058878 0.322148 0.087060 0.216717
0 0.461381 0.928555 0.066740 0.140760
0 0.529130 0.925482 0.062692 0.149037
0 0.599915 0.928188 0.078878 0.143625
0 0.310160 0.794030 0.065831 0.149962
1 0.235327 0.064106 0.079986 0.122890
1 0.388526 0.046965 0.072905 0.081381
1 0.450210 0.050146 0.066839 0.100292
1 0.506832 0.052376 0.052685 0.099430
1 0.560426 0.049664 0.058750 0.090406
1 0.620593 0.044259 0.059766 0.086793
1 0.761151 0.073124 0.069872 0.137326
1 0.809183 0.883441 0.091108 0.198492
1 0.197915 0.892465 0.090092 0.198492
0 0.392621 0.933599 0.074830 0.132801
