2 0.499665 0.500984 0.457668 0.242642
0 0.332179 0.162979 0.050743 0.106839
0 0.327449 0.300324 0.087668 0.100699
0 0.500051 0.303381 0.061910 0.146503
0 0.587631 0.299560 0.091093 0.102228
0 0.676071 0.298031 0.084242 0.099171
0 0.502624 0.164508 0.048163 0.103782
0 0.414614 0.163731 0.052464 0.111399
0 0.060408 0.314819 0.085948 0.209067
0 0.532245 0.925609 0.079942 0.148782
0 0.460824 0.923575 0.070481 0.152850
1 0.198192 0.895920 0.099504 0.193083
1 0.241859 0.076671 0.079198 0.149767
1 0.473863 0.045104 0.072099 0.090207
1 0.535794 0.045104 0.061939 0.090207
1 0.755627 0.072163 0.075131 0.137124
1 0.808936 0.886010 0.098484 0.187668
