0 0.499752 0.667655 0.071079 0.090233
2 0.497216 0.501632 0.461983 0.241813
0 0.752070 0.296826 0.053819 0.106451
0 0.597741 0.674870 0.070058 0.101036
0 0.063149 0.318472 0.081224 0.207513
0 0.407354 0.667655 0.069052 0.090233
0 0.832289 0.314870 0.078192 0.214715
1 0.241341 0.067655 0.070058 0.135311
1 0.446953 0.058627 0.075131 0.113679
1 0.507872 0.056839 0.052799 0.113679
1 0.563724 0.049611 0.060918 0.099223
0 0.501283 0.302241 0.063965 0.128109
1 0.755124 0.074870 0.068032 0.146166
1 0.807915 0.885104 0.100525 0.185855
1 0.205809 0.893212 0.096458 0.176839
