1 0.238805 0.068562 0.071079 0.137124
1 0.417004 0.057733 0.072085 0.115466
1 0.480459 0.056826 0.056866 0.106451
1 0.531735 0.051412 0.059913 0.095622
1 0.594184 0.050518 0.062945 0.101036
1 0.755627 0.078472 0.077172 0.146166
1 0.801829 0.890505 0.096458 0.193083
1 0.692165 0.781334 0.061939 0.147953
1 0.594184 0.784041 0.060933 0.142539
1 0.306334 0.779534 0.055845 0.147979
1 0.194636 0.876969 0.088338 0.176839
0 0.229636 0.633420 0.054898 0.122798
0 0.314453 0.623446 0.098499 0.113679
0 0.406851 0.619832 0.063965 0.164223
0 0.498739 0.624339 0.071064 0.169611
0 0.590634 0.627047 0.068032 0.175026
0 0.406341 0.789456 0.052799 0.128135
0 0.499752 0.780440 0.058892 0.124508
0 0.422085 0.915764 0.076152 0.160596
0 0.494679 0.914132 0.075131 0.171736
0 0.571844 0.922254 0.087332 0.155492
