1 0.195550 0.899548 0.097133 0.187676
1 0.805566 0.895033 0.113142 0.178645
1 0.758068 0.128121 0.069379 0.153373
0 0.060518 0.355485 0.087526 0.207517
0 0.327368 0.334734 0.087526 0.097437
0 0.416496 0.206614 0.052302 0.111873
0 0.412227 0.332025 0.082192 0.102855
0 0.501359 0.207523 0.055507 0.102855
0 0.499753 0.335637 0.060841 0.131726
0 0.669474 0.337444 0.069379 0.146175
0 0.405291 0.644210 0.074713 0.160611
0 0.428240 0.927218 0.073653 0.145564
0 0.494415 0.924814 0.071516 0.137145
0 0.568068 0.898347 0.090731 0.203307
1 0.237710 0.120000 0.076850 0.137131
1 0.311893 0.646919 0.101398 0.115485
