1 0.597750 0.785854 0.055828 0.131736
1 0.691137 0.784958 0.065977 0.140750
1 0.806848 0.878792 0.102523 0.198500
1 0.757062 0.084799 0.088406 0.158792
1 0.330746 0.167813 0.057961 0.126319
1 0.236855 0.068562 0.079273 0.129931
1 0.441383 0.046910 0.064047 0.086625
1 0.498734 0.045111 0.058969 0.090222
1 0.555066 0.044208 0.076227 0.088417
0 0.411441 0.295028 0.087398 0.099250
0 0.502793 0.298639 0.063039 0.138944
0 0.588059 0.296833 0.087398 0.106472
0 0.592625 0.625250 0.068109 0.149778
0 0.501781 0.623444 0.069125 0.149778
0 0.407383 0.623451 0.067094 0.153375
0 0.312477 0.622549 0.068109 0.162403
1 0.197316 0.882396 0.093383 0.184069
