1 0.501269 0.045148 0.067983 0.090295
0 0.409953 0.456614 0.074069 0.147975
1 0.804647 0.879768 0.096388 0.182257
1 0.757464 0.078481 0.075083 0.149958
0 0.308998 0.780527 0.056821 0.135338
0 0.330305 0.929509 0.079140 0.140981
0 0.393212 0.923982 0.073055 0.151572
0 0.462716 0.921387 0.072040 0.157226
0 0.530694 0.922289 0.076097 0.155422
0 0.595632 0.922289 0.063921 0.155422
0 0.669193 0.926804 0.079146 0.146392
0 0.500762 0.165997 0.050730 0.112057
1 0.197894 0.888792 0.082183 0.178639
1 0.231886 0.637062 0.056821 0.140749
1 0.404878 0.781429 0.063921 0.137141
1 0.501272 0.779626 0.061892 0.133534
1 0.591068 0.781424 0.058849 0.144367
1 0.689487 0.785939 0.066969 0.146160
1 0.500765 0.299531 0.091317 0.108449
1 0.240003 0.070411 0.077112 0.140823
