0 0.410408 0.303135 0.093411 0.126321
1 0.244898 0.068562 0.085277 0.137124
1 0.330700 0.166904 0.051778 0.110078
1 0.497726 0.166904 0.052799 0.113705
1 0.469293 0.050518 0.073105 0.101036
1 0.532755 0.046904 0.066006 0.086606
1 0.759687 0.082992 0.079198 0.162409
1 0.809949 0.878782 0.094417 0.202124
1 0.202755 0.881490 0.094431 0.207539
0 0.061625 0.313964 0.084271 0.216528
0 0.503309 0.303148 0.066006 0.151580
0 0.583520 0.299534 0.068032 0.140777
0 0.748513 0.289611 0.052799 0.128135
0 0.599767 0.921347 0.100525 0.157306
0 0.527675 0.918484 0.072085 0.162409
0 0.462697 0.921192 0.072099 0.142539
0 0.392631 0.924054 0.084271 0.151891
